Job started at: Thu Aug 21 17:10:54 EEST 2025
[2025-08-21 17:11:11,497] [INFO] [real_accelerator.py:239:get_accelerator] Setting ds_accelerator to cuda (auto detect)

================================================================================
================================================================================

--- Per-Label Similarity Details for agnews ---

   jaccard (Orig)  tfidf (Orig)  avg_emb_sim (Orig)  max_mean_sim (Orig)  pattern_conformity (Orig)  train_samples (Orig)  test_samples (Orig)  jaccard (Resid)  tfidf (Resid)  avg_emb_sim (Resid)  max_mean_sim (Resid)  pattern_conformity (Resid)  train_samples (Resid)  test_samples (Resid)
0          0.1500        0.9660              0.9968               0.6602                     0.5464             3000.0000            1900.0000           0.1310         0.9489               0.9949                0.5975                      0.5246              1107.0000             1900.0000
1          0.1414        0.9639              0.9965               0.6351                     0.5644             3000.0000            1900.0000           0.1237         0.9456               0.9947                0.5731                      0.5439              1105.0000             1900.0000
2          0.1534        0.9686              0.9961               0.6659                     0.5408             3000.0000            1900.0000           0.1317         0.9524               0.9944                0.5970                      0.5188              1116.0000             1900.0000
3          0.1404        0.9657              0.9966               0.6603                     0.5354             3000.0000            1900.0000           0.1145         0.9467               0.9937                0.5773                      0.5095              1072.0000             1900.0000

================================================================================
================================================================================

--- Per-Label Similarity Details for tweet_sentiment ---

   jaccard (Orig)  tfidf (Orig)  avg_emb_sim (Orig)  max_mean_sim (Orig)  pattern_conformity (Orig)  train_samples (Orig)  test_samples (Orig)  jaccard (Resid)  tfidf (Resid)  avg_emb_sim (Resid)  max_mean_sim (Resid)  pattern_conformity (Resid)  train_samples (Resid)  test_samples (Resid)
0          0.0840        0.6220              0.7362               0.4806                     0.4643             3547.0000            3972.0000           0.0712         0.6084               0.7360                0.4553                      0.4483              1629.0000             3972.0000
1          0.0739        0.6224              0.7388               0.4874                     0.4293            10336.0000            5937.0000           0.0757         0.6332               0.7373                0.4650                      0.4199              4858.0000             5937.0000
2          0.0621        0.6670              0.8293               0.5061                     0.4634             8924.0000            2375.0000           0.0756         0.6545               0.8289                0.4847                      0.4605              4036.0000             2375.0000

================================================================================
================================================================================

--- Per-Label Similarity Details for 20newsgroups ---

    jaccard (Orig)  tfidf (Orig)  avg_emb_sim (Orig)  max_mean_sim (Orig)  pattern_conformity (Orig)  train_samples (Orig)  test_samples (Orig)  jaccard (Resid)  tfidf (Resid)  avg_emb_sim (Resid)  max_mean_sim (Resid)  pattern_conformity (Resid)  train_samples (Resid)  test_samples (Resid)
0           0.1698        0.8619              0.9643               0.5374                     0.5138              480.0000             319.0000           0.1229         0.8098               0.9421                0.4776                      0.4607               165.0000              319.0000
1           0.3547        0.8832              0.9780               0.5522                     0.5121              584.0000             389.0000           0.2397         0.8487               0.9727                0.4915                      0.4757               200.0000              389.0000
2           0.0639        0.8825              0.9450               0.5460                     0.5226              591.0000             394.0000           0.0649         0.8412               0.9295                0.4925                      0.4800               192.0000              394.0000
3           0.1460        0.9017              0.9838               0.5969                     0.5702              590.0000             392.0000           0.1371         0.8602               0.9714                0.5359                      0.5240               183.0000              392.0000
4           0.1371        0.8813              0.9753               0.5578                     0.5264              578.0000             385.0000           0.1146         0.8271               0.9675                0.5093                      0.4951               191.0000              385.0000
5           0.1511        0.8763              0.9741               0.5529                     0.5229              593.0000             395.0000           0.0906         0.8030               0.9606                0.4809                      0.4656               176.0000              395.0000
6           0.1559        0.9009              0.9919               0.6766                     0.6558              585.0000             390.0000           0.1425         0.8524               0.9875                0.6254                      0.6164               199.0000              390.0000
7           0.1310        0.8542              0.9682               0.5670                     0.5478              594.0000             396.0000           0.1098         0.7989               0.9565                0.5094                      0.5030               194.0000              396.0000
8           0.1299        0.8635              0.9709               0.5403                     0.5040              598.0000             398.0000           0.1193         0.8122               0.9561                0.4851                      0.4631               201.0000              398.0000
9           0.1391        0.8362              0.9640               0.5879                     0.5797              597.0000             397.0000           0.1118         0.7813               0.9586                0.5419                      0.5387               195.0000              397.0000
10          0.1484        0.8550              0.9800               0.6545                     0.6407              600.0000             399.0000           0.1456         0.8081               0.9722                0.6165                      0.6087               212.0000              399.0000
11          0.1253        0.8797              0.9796               0.6032                     0.5801              595.0000             396.0000           0.1286         0.8524               0.9726                0.5644                      0.5517               209.0000              396.0000
12          0.1163        0.8165              0.9238               0.5069                     0.4448              591.0000             393.0000           0.1105         0.7554               0.9009                0.4204                      0.3913               197.0000              393.0000
13          0.1335        0.7627              0.9309               0.5194                     0.4647              594.0000             396.0000           0.1094         0.7224               0.9120                0.4565                      0.4288               206.0000              396.0000
14          0.1237        0.8348              0.9448               0.5436                     0.4818              593.0000             394.0000           0.1157         0.7950               0.9354                0.4906                      0.4618               206.0000              394.0000
15          0.1656        0.8783              0.9481               0.5924                     0.5692              599.0000             398.0000           0.1432         0.8531               0.9411                0.5472                      0.5391               212.0000              398.0000
16          0.1165        0.8462              0.9393               0.5982                     0.5918              546.0000             364.0000           0.1098         0.8063               0.9132                0.5624                      0.5595               191.0000              364.0000
17          0.2322        0.8666              0.9717               0.6193                     0.6119              564.0000             376.0000           0.1649         0.8197               0.9689                0.5789                      0.5820               175.0000              376.0000
18          0.1477        0.8068              0.8966               0.5448                     0.5187              465.0000             310.0000           0.1218         0.7528               0.8708                0.4974                      0.4892               154.0000              310.0000
19          0.1384        0.8300              0.9683               0.5218                     0.5035              377.0000             251.0000           0.1192         0.7708               0.9486                0.4689                      0.4589               124.0000              251.0000

================================================================================
================================================================================

--- Per-Label Similarity Details for emotion ---

   jaccard (Orig)  tfidf (Orig)  avg_emb_sim (Orig)  max_mean_sim (Orig)  pattern_conformity (Orig)  train_samples (Orig)  test_samples (Orig)  jaccard (Resid)  tfidf (Resid)  avg_emb_sim (Resid)  max_mean_sim (Resid)  pattern_conformity (Resid)  train_samples (Resid)  test_samples (Resid)
0          0.0850        0.9524              0.9960               0.6404                     0.5909             4666.0000             581.0000           0.0890         0.9521               0.9961                0.6355                      0.5872              4093.0000              581.0000
1          0.0776        0.9553              0.9951               0.6085                     0.5483             5362.0000             695.0000           0.0823         0.9558               0.9951                0.6031                      0.5459              4692.0000              695.0000
2          0.0575        0.8771              0.9834               0.5711                     0.5676             1304.0000             159.0000           0.0608         0.8771               0.9830                0.5684                      0.5488              1153.0000              159.0000
3          0.0704        0.9115              0.9909               0.5951                     0.5544             2159.0000             275.0000           0.0752         0.9124               0.9914                0.5889                      0.5491              1862.0000              275.0000
4          0.0611        0.9109              0.9908               0.6320                     0.5942             1937.0000             224.0000           0.0644         0.9107               0.9908                0.6285                      0.5939              1688.0000              224.0000
5          0.0480        0.8360              0.9698               0.5251                     0.5177              572.0000              66.0000           0.0500         0.8337               0.9695                0.5216                      0.5179               512.0000               66.0000

================================================================================
================================================================================

--- Per-Label Similarity Details for imdb ---

   jaccard (Orig)  tfidf (Orig)  avg_emb_sim (Orig)  max_mean_sim (Orig)  pattern_conformity (Orig)  train_samples (Orig)  test_samples (Orig)
0          0.2158        0.9973              0.9993               0.7028                     0.6909            12500.0000           12500.0000
1          0.2074        0.9949              0.9987               0.6647                     0.6505            12500.0000           12500.0000

================================================================================
================================================================================

--- Per-Label Similarity Details for rotten_tomatoes ---

   jaccard (Orig)  tfidf (Orig)  avg_emb_sim (Orig)  max_mean_sim (Orig)  pattern_conformity (Orig)  train_samples (Orig)  test_samples (Orig)  jaccard (Resid)  tfidf (Resid)  avg_emb_sim (Resid)  max_mean_sim (Resid)  pattern_conformity (Resid)  train_samples (Resid)  test_samples (Resid)
0          0.0592        0.8606              0.9975               0.6095                     0.5836             4265.0000             533.0000           0.0623         0.8598               0.9974                0.6054                      0.5826              3731.0000              533.0000
1          0.0620        0.8611              0.9975               0.6362                     0.6080             4265.0000             533.0000           0.0650         0.8602               0.9975                0.6329                      0.6047              3733.0000              533.0000

================================================================================
================================================================================

--- Per-Label Similarity Details for snli ---

   jaccard (Orig)  tfidf (Orig)  avg_emb_sim (Orig)  max_mean_sim (Orig)  pattern_conformity (Orig)  train_samples (Orig)  test_samples (Orig)  jaccard (Resid)  tfidf (Resid)  avg_emb_sim (Resid)  max_mean_sim (Resid)  pattern_conformity (Resid)  train_samples (Resid)  test_samples (Resid)
0          0.1588        0.9880              0.9981               0.7020                     0.5812            18341.0000            3368.0000           0.1689         0.9877               0.9981                0.6948                      0.5830             15043.0000             3368.0000
1          0.1518        0.9867              0.9969               0.6673                     0.5573            18276.0000            3219.0000           0.1610         0.9865               0.9970                0.6603                      0.5583             15038.0000             3219.0000
2          0.1549        0.9882              0.9975               0.6311                     0.5428            18319.0000            3237.0000           0.1651         0.9879               0.9975                0.6241                      0.5423             15031.0000             3237.0000

================================================================================
================================================================================

--- Per-Label Similarity Details for banking77 ---

    jaccard (Orig)  tfidf (Orig)  avg_emb_sim (Orig)  max_mean_sim (Orig)  pattern_conformity (Orig)  train_samples (Orig)  test_samples (Orig)  jaccard (Resid)  tfidf (Resid)  avg_emb_sim (Resid)  max_mean_sim (Resid)  pattern_conformity (Resid)  train_samples (Resid)  test_samples (Resid)
0           0.2054        0.9546              0.9943               0.9324                     0.9218              159.0000              40.0000           0.2173         0.9415               0.9927                0.9219                      0.9155               107.0000               40.0000
1           0.2512        0.9054              0.9839               0.9425                     0.9263              110.0000              40.0000           0.2681         0.9085               0.9836                0.9384                      0.9318                75.0000               40.0000
2           0.2260        0.9178              0.9820               0.9137                     0.9097              126.0000              40.0000           0.2406         0.9246               0.9829                0.9079                      0.9020                91.0000               40.0000
3           0.2596        0.9077              0.9929               0.9201                     0.9118               87.0000              40.0000           0.2791         0.8851               0.9922                0.9093                      0.9086                57.0000               40.0000
4           0.2209        0.8706              0.9930               0.9049                     0.8916              127.0000              40.0000           0.2286         0.8831               0.9915                0.8889                      0.8808                79.0000               40.0000
5           0.2070        0.8933              0.9889               0.8865                     0.8835              171.0000              40.0000           0.2241         0.8849               0.9878                0.8759                      0.8744               114.0000               40.0000
6           0.2175        0.8762              0.9900               0.8692                     0.8557              181.0000              40.0000           0.2200         0.8856               0.9899                0.8545                      0.8450               132.0000               40.0000
7           0.2050        0.9067              0.9837               0.8881                     0.8702              156.0000              40.0000           0.2331         0.8944               0.9825                0.8803                      0.8695               108.0000               40.0000
8           0.1969        0.9294              0.9898               0.9046                     0.8918              157.0000              40.0000           0.2153         0.9304               0.9902                0.8941                      0.8897               112.0000               40.0000
9           0.2692        0.9413              0.9939               0.9468                     0.9426              129.0000              40.0000           0.2756         0.9427               0.9947                0.9364                      0.9352                88.0000               40.0000
10          0.2646        0.9063              0.9837               0.8763                     0.8748               59.0000              40.0000           0.2500         0.8906               0.9781                0.8465                      0.0000                35.0000               40.0000
11          0.2718        0.8627              0.9902               0.9111                     0.8982              153.0000              40.0000           0.2794         0.8692               0.9898                0.9062                      0.9026               115.0000               40.0000
12          0.2495        0.9346              0.9945               0.8951                     0.8893              112.0000              40.0000           0.2978         0.9289               0.9946                0.8850                      0.8830                81.0000               40.0000
13          0.2454        0.8702              0.9817               0.9180                     0.9144              139.0000              40.0000           0.2624         0.8760               0.9835                0.9112                      0.9036               111.0000               40.0000
14          0.1987        0.8967              0.9901               0.9147                     0.9043              112.0000              40.0000           0.2109         0.8823               0.9883                0.9071                      0.9022                76.0000               40.0000
15          0.1566        0.9471              0.9902               0.8807                     0.8691              187.0000              40.0000           0.1839         0.9496               0.9890                0.8680                      0.8583               124.0000               40.0000
16          0.2017        0.8841              0.9820               0.8480                     0.8413              168.0000              40.0000           0.2080         0.8816               0.9783                0.8244                      0.8243               121.0000               40.0000
17          0.1894        0.9322              0.9916               0.8994                     0.8898              167.0000              40.0000           0.2190         0.9297               0.9914                0.8911                      0.8811               116.0000               40.0000
18          0.2602        0.9232              0.9956               0.9001                     0.8985               61.0000              40.0000           0.2758         0.9240               0.9951                0.8917                      0.0000                40.0000               40.0000
19          0.2049        0.8980              0.9931               0.8887                     0.8792              177.0000              40.0000           0.2282         0.8788               0.9898                0.8783                      0.8724               119.0000               40.0000
20          0.2032        0.9006              0.9900               0.8826                     0.8648              160.0000              40.0000           0.2304         0.9046               0.9873                0.8573                      0.8485                97.0000               40.0000
21          0.2183        0.9082              0.9838               0.9147                     0.9047              122.0000              40.0000           0.2312         0.8895               0.9818                0.9040                      0.9012                88.0000               40.0000
22          0.2097        0.8587              0.9810               0.8356                     0.8295               86.0000              40.0000           0.1966         0.8585               0.9784                0.8199                      0.8189                53.0000               40.0000
23          0.2036        0.8793              0.9850               0.8432                     0.0000               35.0000              40.0000           0.1751         0.8123               0.9727                0.8299                      0.0000                23.0000               40.0000
24          0.2584        0.8848              0.9864               0.8847                     0.8729              129.0000              40.0000           0.2864         0.8925               0.9830                0.8833                      0.8747               101.0000               40.0000
25          0.2256        0.9413              0.9956               0.9031                     0.8907              153.0000              40.0000           0.2262         0.9407               0.9943                0.8873                      0.8777               102.0000               40.0000
26          0.2063        0.8973              0.9844               0.8943                     0.8830              173.0000              40.0000           0.2158         0.8820               0.9822                0.8852                      0.8800               119.0000               40.0000
27          0.1832        0.9108              0.9892               0.8964                     0.8917              133.0000              40.0000           0.1938         0.9108               0.9863                0.8839                      0.8815                89.0000               40.0000
28          0.2002        0.9346              0.9904               0.8471                     0.8282              182.0000              40.0000           0.2302         0.9280               0.9892                0.8364                      0.8333               119.0000               40.0000
29          0.2742        0.9327              0.9862               0.9249                     0.9177              121.0000              40.0000           0.2598         0.8900               0.9751                0.8964                      0.8946                76.0000               40.0000
30          0.2228        0.9249              0.9874               0.8870                     0.8651              121.0000              40.0000           0.2478         0.9228               0.9871                0.8764                      0.8717                88.0000               40.0000
31          0.2482        0.9111              0.9955               0.9014                     0.8934              121.0000              40.0000           0.2573         0.8992               0.9949                0.8915                      0.8870                79.0000               40.0000
32          0.2195        0.9495              0.9939               0.8894                     0.8786              112.0000              40.0000           0.2035         0.9526               0.9938                0.8819                      0.8781                82.0000               40.0000
33          0.2500        0.9189              0.9888               0.8931                     0.8857              118.0000              40.0000           0.2702         0.8772               0.9821                0.8836                      0.8791                87.0000               40.0000
34          0.2075        0.9357              0.9901               0.8761                     0.8681              166.0000              40.0000           0.2179         0.9359               0.9902                0.8676                      0.8598               119.0000               40.0000
35          0.1901        0.8698              0.9911               0.9066                     0.8976              137.0000              40.0000           0.2099         0.8973               0.9939                0.8975                      0.8931                85.0000               40.0000
36          0.1781        0.9305              0.9889               0.8501                     0.8333              126.0000              40.0000           0.1782         0.9161               0.9865                0.8378                      0.8271                90.0000               40.0000
37          0.2343        0.9239              0.9845               0.9140                     0.9074               97.0000              40.0000           0.2529         0.9352               0.9853                0.9121                      0.9077                74.0000               40.0000
38          0.1631        0.9613              0.9887               0.9002                     0.8903              106.0000              40.0000           0.1818         0.9631               0.9887                0.8898                      0.8863                68.0000               40.0000
39          0.2626        0.8902              0.9855               0.8903                     0.8815              129.0000              40.0000           0.2675         0.8810               0.9844                0.8846                      0.8799                98.0000               40.0000
40          0.2251        0.9478              0.9918               0.9355                     0.9347               98.0000              40.0000           0.2310         0.9506               0.9923                0.9352                      0.9315                73.0000               40.0000
41          0.1981        0.9531              0.9956               0.8799                     0.8773               82.0000              40.0000           0.1961         0.9328               0.9934                0.8664                      0.8662                53.0000               40.0000
42          0.2636        0.9214              0.9858               0.8626                     0.8592              121.0000              40.0000           0.2748         0.9026               0.9823                0.8346                      0.8306                78.0000               40.0000
43          0.2464        0.9086              0.9888               0.9156                     0.9063              120.0000              40.0000           0.2587         0.9001               0.9887                0.9112                      0.9050                81.0000               40.0000
44          0.2707        0.9318              0.9921               0.9171                     0.9122              105.0000              40.0000           0.2917         0.9403               0.9927                0.9085                      0.9056                73.0000               40.0000
45          0.1745        0.9439              0.9904               0.8863                     0.8737              159.0000              40.0000           0.1967         0.9430               0.9886                0.8819                      0.8729               118.0000               40.0000
46          0.2224        0.9553              0.9931               0.8767                     0.8697              143.0000              40.0000           0.2208         0.9538               0.9928                0.8632                      0.8572               101.0000               40.0000
47          0.2228        0.8228              0.9816               0.8732                     0.8691              149.0000              40.0000           0.2257         0.7881               0.9766                0.8606                      0.8569                98.0000               40.0000
48          0.1788        0.9141              0.9906               0.8903                     0.8831              148.0000              40.0000           0.1974         0.9195               0.9917                0.8835                      0.8783               100.0000               40.0000
49          0.2434        0.9292              0.9931               0.8744                     0.8713              115.0000              40.0000           0.2595         0.9182               0.9917                0.8648                      0.8636                82.0000               40.0000
50          0.2367        0.8589              0.9691               0.8440                     0.8377               95.0000              40.0000           0.2435         0.8698               0.9672                0.8101                      0.8120                66.0000               40.0000
51          0.2020        0.8971              0.9925               0.8814                     0.8821              162.0000              40.0000           0.2188         0.9021               0.9919                0.8783                      0.8741               114.0000               40.0000
52          0.1893        0.9157              0.9925               0.8872                     0.8730              169.0000              40.0000           0.2086         0.9062               0.9907                0.8673                      0.8536               112.0000               40.0000
53          0.1770        0.9276              0.9834               0.9028                     0.8853              161.0000              40.0000           0.1786         0.9324               0.9815                0.8986                      0.8937               117.0000               40.0000
54          0.2714        0.9192              0.9789               0.8970                     0.8855              129.0000              40.0000           0.2811         0.9193               0.9771                0.8904                      0.8800                90.0000               40.0000
55          0.2333        0.9012              0.9821               0.8922                     0.8885              108.0000              40.0000           0.2214         0.9043               0.9762                0.8794                      0.8757                75.0000               40.0000
56          0.2973        0.9042              0.9938               0.9126                     0.9049              111.0000              40.0000           0.2739         0.8906               0.9860                0.8970                      0.8924                78.0000               40.0000
57          0.2857        0.9219              0.9920               0.9254                     0.9234              114.0000              40.0000           0.3043         0.9145               0.9906                0.9162                      0.9140                71.0000               40.0000
58          0.2602        0.8835              0.9903               0.8809                     0.8747              114.0000              40.0000           0.2873         0.8685               0.9863                0.8676                      0.8639                78.0000               40.0000
59          0.1907        0.7760              0.9814               0.9190                     0.9118              145.0000              40.0000           0.2137         0.7868               0.9845                0.9035                      0.8999               106.0000               40.0000
60          0.2698        0.9397              0.9935               0.9238                     0.9161               97.0000              40.0000           0.2866         0.9225               0.9915                0.9203                      0.9176                70.0000               40.0000
61          0.1552        0.8034              0.9785               0.8809                     0.8682              146.0000              40.0000           0.1632         0.7981               0.9765                0.8732                      0.8693               109.0000               40.0000
62          0.2496        0.9181              0.9850               0.8789                     0.8716              103.0000              40.0000           0.2390         0.8983               0.9798                0.8709                      0.8673                78.0000               40.0000
63          0.1996        0.9148              0.9938               0.8740                     0.8646              175.0000              40.0000           0.2033         0.9198               0.9922                0.8646                      0.8586               134.0000               40.0000
64          0.1746        0.9213              0.9932               0.8866                     0.8753              172.0000              40.0000           0.1667         0.9055               0.9932                0.8731                      0.8637               112.0000               40.0000
65          0.2353        0.9499              0.9916               0.8702                     0.8682              113.0000              40.0000           0.2401         0.9473               0.9911                0.8610                      0.8599                74.0000               40.0000
66          0.1964        0.8848              0.9883               0.8492                     0.8361              171.0000              40.0000           0.2095         0.8822               0.9882                0.8352                      0.8283               124.0000               40.0000
67          0.2355        0.9266              0.9916               0.9168                     0.9096              128.0000              40.0000           0.2642         0.9192               0.9912                0.9105                      0.9071                94.0000               40.0000
68          0.1615        0.8671              0.9849               0.9211                     0.9157              102.0000              40.0000           0.1732         0.8562               0.9806                0.9090                      0.9090                66.0000               40.0000
69          0.1976        0.9158              0.9923               0.9089                     0.9002              104.0000              40.0000           0.2017         0.8980               0.9896                0.8967                      0.8932                64.0000               40.0000
70          0.2567        0.9189              0.9888               0.9030                     0.8924              113.0000              40.0000           0.2694         0.9129               0.9871                0.8870                      0.8808                78.0000               40.0000
71          0.2214        0.9470              0.9932               0.9381                     0.9300              126.0000              40.0000           0.2572         0.9349               0.9937                0.9284                      0.9272                79.0000               40.0000
72          0.2521        0.9654              0.9907               0.9021                     0.0000               41.0000              40.0000           0.2276         0.9288               0.9784                0.8841                      0.0000                28.0000               40.0000
73          0.1930        0.9696              0.9867               0.8937                     0.8806              135.0000              40.0000           0.2033         0.9728               0.9854                0.8817                      0.8730                99.0000               40.0000
74          0.2082        0.8998              0.9850               0.9145                     0.8970              121.0000              40.0000           0.2202         0.9236               0.9834                0.8806                      0.8766                80.0000               40.0000
75          0.2086        0.9138              0.9913               0.8848                     0.8770              180.0000              40.0000           0.2453         0.9195               0.9902                0.8800                      0.8751               119.0000               40.0000
76          0.2047        0.8815              0.9904               0.8590                     0.8542              163.0000              40.0000           0.2014         0.8802               0.9902                0.8503                      0.8486               113.0000               40.0000


================================================================================
================================================================================
Comparing Global (label-agnostic) vs. Macro-Average (label-aware) similarities.
(Orig) = vs. full contaminated training set | (Resid) = vs. pure part of training set

                 jaccard (Global-Orig)  jaccard (Macro-Orig)  jaccard (Global-Resid)  jaccard (Macro-Resid)  tfidf (Global-Orig)  tfidf (Macro-Orig)  tfidf (Global-Resid)  tfidf (Macro-Resid)  pattern_conformity (Global-Orig)  pattern_conformity (Macro-Orig)  pattern_conformity (Global-Resid)  pattern_conformity (Macro-Resid)
Dataset                                                                                                                                                                                                                                                                                                                                
agnews                          0.1686                0.1463                  0.1480                 0.1252               0.9881              0.9661                0.9808               0.9484                            0.4942                           0.5468                             0.4845                            0.5242
tweet_sentiment                 0.0887                0.0733                  0.0915                 0.0742               0.6310              0.6371                0.6280               0.6320                            0.4437                           0.4523                             0.4319                            0.4429
20newsgroups                    0.1787                0.1513                  0.1605                 0.1261               0.9848              0.8559                0.9782               0.8085                            0.4871                           0.5431                             0.4786                            0.5047
emotion                         0.0941                0.0666                  0.0994                 0.0703               0.9820              0.9072                0.9819               0.9070                            0.5504                           0.5622                             0.5492                            0.5571
imdb                            0.2218                0.2116                  0.0000                 0.0000               0.9978              0.9961                0.0000               0.0000                            0.6669                           0.6707                             0.0000                            0.0000
rotten_tomatoes                 0.0702                0.0606                  0.0736                 0.0636               0.9198              0.8609                0.9192               0.8600                            0.5920                           0.5958                             0.5907                            0.5936
snli                            0.1359                0.1552                  0.1459                 0.1650               0.9906              0.9877                0.9904               0.9874                            0.5606                           0.5605                             0.5609                            0.5612
banking77                       0.2874                0.2217                  0.3100                 0.2325               0.9810              0.9103                0.9796               0.9045                            0.7520                           0.8627                             0.7485                            0.8330
Job ended at: Thu Aug 21 17:26:04 EEST 2025
Job duration: 00:15:10
